40	146	33	155	4	
16	112	8	16	2	
130	503	157	1058	14	
1279	8768	127	1105	58	
0	0	1	1	2	
29	143	28	91	4	
4	43	0	0	2	
11	166	8	78	2	
1641	8403	1588	8426	133	
16	230	16	189	3	
15	72	10	65	2	
47	233	28	144	4	
134	575	115	470	11	
106	742	92	2353	9	
14	188	6	55	2	
2	20	0	0	2	
4	48	0	0	2	
79	223	67	372	7	
188	705	194	963	17	
93	594	56	938	7	
1	1	1	2	2	
2	14	3	17	2	
14	88	10	200	2	
14	101	14	250	3	
139	954	169	1037	14	
397	1665	341	2071	31	
43	412	26	597	4	
180	1103	174	837	16	
218	1191	136	1377	17	
16	76	21	130	3	
2	9	0	0	2	
135	632	110	816	11	
11	57	14	106	2	
22	164	12	81	3	
6	85	7	26	2	
1655	9589	2166	15407	158	
907	6137	654	7016	64	
101	696	98	508	9	
6	95	4	82	3	
4	26	2	64	2	
66	246	58	319	6	
9	26	15	48	2	
1734	9873	1707	11566	141	
46	299	29	169	4	
10	51	5	23	2	
63	263	70	268	7	
255	1203	216	2155	20	
5	9	7	47	2	
39	204	36	232	4	
1586	7347	1333	7519	120	
6	42	9	55	2	
8	37	3	69	2	
12	90	13	106	2	
57	465	38	133	5	
1	70	2	35	2	
201	1166	165	860	16	
24	196	11	361	4	
251	1426	281	1371	23	
3	110	0	0	2	
14	91	7	120	2	
1	1	0	0	2	
173	782	191	1409	16	
81	409	57	654	7	
370	1888	197	2368	24	
66	453	71	721	7	
12	227	5	175	2	
1009	5046	1053	5162	86	
95	580	54	1697	7	
12	131	13	105	2	
324	2022	261	2120	25	
99	757	88	642	9	
16	288	9	729	2	
4	35	1	15	2	
1	13	0	0	2	
1	1	2	15	2	
285	1445	185	2276	20	
15	104	10	268	2	
613	2821	609	2811	51	
132	618	86	788	10	
149	482	139	699	13	
2	3	2	12	2	
16	72	7	79	2	
3	4	2	8	2	
1	4	0	0	2	
10	21	4	9	2	
17	63	15	66	3	
4	15	3	37	2	
10	55	4	19	2	
136	634	160	758	13	
2	25	2	24	2	
58	187	33	411	5	
78	717	45	928	6	
542	2865	371	2371	38	
153	854	112	496	12	
93	803	81	1126	8	
14	87	5	93	2	
620	5002	805	6579	59	
169	1162	25	205	9	
14	101	11	112	3	
15	107	17	60	3	
20	154	16	46	3	
179	778	162	851	15	
13	98	12	57	2	
8	40	4	26	2	
11	46	4	30	2	
227	930	142	1342	16	
30	204	19	189	3	
190	861	155	931	15	
1	91	1	25	2	
0	0	1	7	2	
58	267	64	234	6	
14	73	7	38	2	
11	113	5	180	2	
9	47	4	17	2	
69	363	64	292	7	
1	8	1	6	2	
4	26	3	11	2	
9	33	5	89	2	
14	199	1	2	2	
34	307	16	134	3	
115	906	103	945	10	
109	842	65	878	8	
35	212	14	230	3	
131	472	77	475	10	
11	57	6	95	2	
107	465	65	640	8	
100	403	93	474	9	
8	98	7	51	2	
13	53	10	66	2	
15	64	21	92	3	
4	9	0	0	2	
1077	6959	1159	9680	92	
173	658	148	668	14	
24	285	16	251	5	
8	120	6	50	2	
135	590	113	558	11	
8	38	5	41	2	
98	398	77	314	9	
21	269	2	50	2	
35	262	40	324	4	
30	81	19	157	3	
18	322	1	75	2	
8	43	5	45	2	
15	69	10	62	2	
34	201	41	297	4	
31	126	38	193	4	
3	40	5	23	2	
310	1922	323	2320	27	
10	173	3	240	2	
4	11	5	22	2	
2	9	1	20	2	
1	51	0	0	2	
7983	40071	5235	32881	536	
6	51	3	16	2	
39	159	35	362	4	
11	189	9	85	2	
10	200	7	84	2	
14	136	11	160	2	
116	612	80	553	9	
197	1443	139	1296	15	
101	503	62	408	8	
20	89	6	97	3	
168	728	128	548	13	
1044	4570	853	5991	78	
8	25	4	12	2	
14	42	10	55	2	
168	992	142	939	14	
49	511	56	435	6	
167	1016	105	1707	12	
627	2843	502	3747	47	
7	21	6	113	2	
4	11	2	12	2	
72	268	94	420	8	
34	415	47	382	5	
14	64	11	71	2	
13	117	7	47	2	
55	490	44	613	5	
44	553	61	715	6	
6	113	4	73	2	
15	69	6	62	2	
7	24	3	15	2	
799	4397	517	4624	55	
2	3	0	0	2	
247	1372	146	743	17	
39	190	35	156	4	
31	115	16	221	3	
26	181	24	202	3	
6	17	3	16	2	
33	151	21	159	4	
1	3	0	0	2	
60	499	64	323	6	
3	15	0	0	2	
5425	27358	5021	29148	424	
4053	17202	3274	17775	298	
428	1645	406	2373	35	
35	266	15	297	3	
406	2601	357	5062	32	
188	1722	108	958	13	
43	204	39	198	5	
1	58	0	0	2	
58	583	52	774	6	
100	659	71	807	8	
12	42	5	17	2	
3146	14156	2678	13423	239	
84	375	85	402	8	
2	5	0	0	2	
17	126	8	195	2	
3	160	2	111	2	
2027	9414	1988	9032	163	
12	51	11	51	2	
46	248	29	173	4	
10	36	8	21	2	
30	200	20	176	3	
22	218	15	264	3	
12	107	7	77	2	
16	130	9	127	2	
16	92	13	74	3	
2177	14400	2398	15561	187	
3	15	3	3	2	
3	14	2	27	2	
16	151	14	94	3	
98	501	6	21	6	
14	93	11	112	2	
10	54	5	26	2	
2	11	0	0	2	
21	151	11	115	3	
213	1218	141	1233	16	
14	69	7	66	2	
12	76	7	41	2	
2225	9379	2075	10408	176	
319	1483	439	3226	32	
1127	5981	1124	5981	94	
14	93	10	92	2	
112	641	86	1016	9	
1249	6735	1446	9226	112	
12	46	19	53	3	
2	62	2	32	2	
29	115	21	96	3	
1	6	0	0	2	
381	3012	317	2005	30	
18	266	14	184	3	
27	174	23	169	3	
284	1245	243	1206	23	
48	369	46	361	5	
8	20	5	37	2	
2	214	2	44	3	
5	17	2	13	2	
3751	18274	5081	28192	364	
8	103	2	79	2	
24	323	8	214	3	
654	4184	364	4731	42	
341	1251	279	1537	26	
2	18	2	38	2	
17	84	8	244	2	
20	135	9	78	3	
24	181	13	89	3	
72	583	53	789	6	
17	99	13	96	3	
5	21	6	16	2	
69	477	31	394	5	
11	39	13	122	2	
3	24	2	86	2	
141	1018	86	847	11	
13	65	11	70	2	
15	49	14	43	3	
73	320	74	453	7	
127	536	64	575	9	
63	861	61	1217	6	
31	400	51	585	5	
147	1555	149	2020	13	
817	4204	986	4297	76	
143	912	106	978	11	
35	225	13	78	3	
8	29	6	36	2	
3	10	2	33	2	
3	27	4	16	2	
3	54	3	47	2	
2	11	0	0	2	
877	4514	859	5341	72	
1	3	3	5	2	
2	34	2	13	2	
42	244	31	205	4	
17	130	8	32	2	
14	67	15	81	3	
40	213	40	272	5	
5	51	1	16	2	
12	40	13	58	2	
53	175	68	297	6	
10	32	6	27	2	
826	5777	698	4796	63	
1	21	0	0	2	
1604	8580	1432	7398	126	
4	89	7	192	2	
1	1	0	0	2	
1	7	3	15	2	
1	35	0	0	2	
272	1286	224	1275	21	
379	1895	382	2009	32	
19	142	6	402	2	
1	21	3	7	2	
1	8	0	0	2	
23	123	27	183	3	
5	67	4	57	2	
137	940	31	310	8	
45	682	36	523	5	
2	26	2	16	2	
119	870	105	494	10	
14	79	11	84	2	
33	272	26	199	4	
34	156	14	89	3	
18	107	7	130	2	
1	8	0	0	2	
9	52	7	36	2	
8	19	3	43	2	
28	140	23	169	4	
690	4085	458	3471	48	
4	52	3	88	2	
34	201	23	163	4	
6	125	4	74	2	
89	365	58	280	7	
7	35	4	29	2	
35	131	15	60	3	
153	684	145	922	13	
106	478	91	543	9	
2	15	0	0	2	
0	0	2	9	2	
9	51	10	48	2	
77	374	47	378	6	
1369	6747	1645	7912	126	
460	2490	444	3183	38	
11	139	10	93	2	
896	3840	634	3271	63	
0	0	2	290	3	
25	342	4	48	4	
1910	10148	2301	11023	174	
286	1318	227	1065	22	
2	54	3	16	2	
23	214	48	319	4	
348	1297	290	1336	28	
27	141	24	134	4	
10	190	1	50	2	
16	128	15	141	3	
1	19	1	1	2	
98	780	51	509	7	
